
qlps = {
	0.5000,
	0.4745,
	0.4503,
	0.4273,
	0.4055,
	0.3849,
	0.3652,
	0.3466,
	0.3289,
	0.3122,
	0.2962,
	0.2811,
	0.2668,
	0.2532,
	0.2403,
	0.2280,
	0.2164,
	0.2054,
	0.1949,
	0.1849,
	0.1755,
	0.1666,
	0.1581,
	0.1500,
	0.1424,
	0.1351,
	0.1282,
	0.1217,
	0.1155,
	0.1096,
	0.1040,
	0.0987,
	0.0936,
	0.0889,
	0.0843,
	0.0800,
	0.0760,
	0.0721,
	0.0684,
	0.0649,
	0.0616,
	0.0585,
	0.0555,
	0.0527,
	0.0500,
	0.0474,
	0.0450,
	0.0427,
	0.0405,
	0.0385,
	0.0365,
	0.0346,
	0.0329,
	0.0312,
	0.0296,
	0.0281,
	0.0267,
	0.0253,
	0.0240,
	0.0228,
	0.0216,
	0.0205,
	0.0195,
	0.0185,
};
next_state = {
	{      2,     0,     1,     0, },
	{      3,     1,     1,     0, },
	{      4,     2,     2,     0, },
	{      5,     2,     3,     1, },
	{      6,     4,     3,     1, },
	{      7,     4,     5,     2, },
	{      8,     5,     5,     2, },
	{      9,     6,     6,     4, },
	{     10,     7,     7,     4, },
	{     11,     8,     8,     5, },
	{     12,     9,     9,     6, },
	{     13,     9,    10,     7, },
	{     14,    11,    10,     7, },
	{     15,    11,    12,     9, },
	{     16,    12,    12,     9, },
	{     17,    13,    13,     9, },
	{     18,    13,    14,    11, },
	{     19,    15,    14,    11, },
	{     20,    15,    16,    12, },
	{     21,    16,    16,    12, },
	{     22,    16,    17,    13, },
	{     23,    18,    17,    13, },
	{     24,    18,    19,    15, },
	{     25,    19,    19,    15, },
	{     26,    19,    20,    15, },
	{     27,    21,    20,    15, },
	{     28,    21,    22,    16, },
	{     29,    22,    22,    16, },
	{     30,    22,    23,    18, },
	{     31,    23,    23,    18, },
	{     32,    24,    24,    18, },
	{     33,    24,    25,    19, },
	{     34,    25,    25,    19, },
	{     35,    26,    26,    19, },
	{     36,    26,    27,    21, },
	{     37,    27,    27,    21, },
	{     38,    27,    28,    21, },
	{     39,    28,    28,    21, },
	{     40,    29,    29,    22, },
	{     41,    29,    30,    22, },
	{     42,    30,    30,    22, },
	{     43,    30,    31,    23, },
	{     44,    30,    31,    23, },
	{     45,    31,    31,    23, },
	{     46,    32,    32,    24, },
	{     47,    32,    33,    24, },
	{     48,    33,    33,    24, },
	{     49,    33,    34,    25, },
	{     50,    33,    34,    25, },
	{     51,    34,    34,    25, },
	{     52,    34,    35,    26, },
	{     53,    35,    35,    26, },
	{     54,    35,    36,    26, },
	{     55,    35,    36,    26, },
	{     56,    36,    36,    26, },
	{     57,    36,    37,    27, },
	{     58,    36,    37,    27, },
	{     59,    37,    37,    27, },
	{     60,    37,    38,    27, },
	{     61,    37,    38,    27, },
	{     62,    38,    38,    27, },
	{     62,    38,    39,    28, },
	{     62,    38,    39,    28, },
	{     63,    63,    63,    63, },
};

10 bit implementation.
Length of range in bits: 20
Minimum range value: 	294912

New Range:  294912    360448    425984    491520
rxq_and_renorm = {
	{  77488, 94708,111927,129147, 69968, 85516,101065,116613, 73728, 90112,106496,122880, 73728, 90112,106496,122880, },
	{  85190,104122,123053,141984, 69786, 85294,100802,116310, 69968, 85516,101065,116613, 69968, 85516,101065,116613, },
	{  92836,113467,134097,154727, 69277, 84671,100066,115461, 69786, 85294,100802,116310, 63013, 77016, 91019,105022, },
	{ 100396,122706,145016,167326, 68490, 83710, 98930,114150, 69277, 84671,100066,115461, 56750, 69361, 81972, 94583, },
	{ 107842,131807,155772,179737, 67471, 82464, 97458,112451, 65743, 80353, 94963,109572, 53855, 65823, 77791, 89759, },
	{ 115155,140745,166335,191925, 66257, 80981, 95705,110429, 67471, 82464, 97458,112451, 46029, 56257, 66486, 76714, },
	{ 122316,149498,176679,203861, 64885, 79303, 93722,108141, 64030, 78259, 92487,106716, 43681, 53388, 63095, 72802, },
	{ 129312,158048,186784,215520, 63382, 77467, 91552,105637, 62878, 76851, 90824,104797, 39339, 48081, 56823, 65566, },
	{ 136130,166381,196633,226884, 61777, 75505, 89234,102962, 61576, 75259, 88942,102626, 35429, 43302, 51175, 59048, },
	{ 142763,174488,206213,237938, 60092, 73446, 86800,100153, 60150, 73517, 86883,100250, 31907, 38998, 46089, 53179, },
	{ 149202,182358,215515,248671, 58347, 71313, 84279, 97245, 58627, 71655, 84683, 97711, 28736, 35122, 41507, 47893, },
	{ 155445,189988,224532,259075, 56560, 69129, 81698, 94267, 57027, 69700, 82373, 95046, 25880, 31631, 37382, 43133, },
	{ 161487,197373,233259,269145, 54746, 66912, 79078, 91244, 54119, 66145, 78172, 90198, 24560, 30017, 35475, 40933, },
	{ 167328,204512,241696,278880, 52918, 64678, 76437, 88197, 53676, 65604, 77531, 89459, 20990, 25655, 30320, 34984, },
	{ 172966,211403,249840,288277, 51088, 62440, 73793, 85146, 50938, 62258, 73577, 84897, 19920, 24347, 28773, 33200, },
	{ 178404,218049,257694,297339, 49264, 60212, 71159, 82107, 49304, 60261, 71217, 82174, 17940, 21927, 25913, 29900, },
	{ 183641,224450,265260,306069, 47456, 58002, 68547, 79093, 47658, 58249, 68840, 79430, 16157, 19747, 23337, 26928, },
	{ 188682,230611,272540,314470, 45670, 55819, 65968, 76116, 45228, 55278, 65329, 75379, 15333, 18740, 22147, 25555, },
	{ 193528,236535,279541,322547, 43912, 53670, 63428, 73187, 44367, 54227, 64086, 73946, 13104, 16017, 18929, 21841, },
	{ 198184,242225,286266,330307, 42187, 51562, 60937, 70311, 42105, 51461, 60818, 70174, 12436, 15200, 17963, 20727, },
	{ 202654,247689,292723,337757, 40499, 49498, 58498, 67498, 40559, 49572, 58585, 67599, 11200, 13689, 16178, 18667, },
	{ 206942,252929,298917,344904, 38850, 47484, 56117, 64751, 38491, 47044, 55598, 64151, 10629, 12991, 15353, 17715, },
	{ 211053,257954,304854,351755, 37245, 45521, 53798, 62075, 37530, 45870, 54210, 62550,  9084, 11103, 13121, 15140, },
	{ 214991,262767,310543,358319, 35684, 43613, 51543, 59473, 35616, 43531, 51446, 59360,  8621, 10537, 12452, 14368, },
	{ 218762,267376,315990,364604, 34169, 41762, 49355, 56948, 34217, 41821, 49425, 57028,  7764,  9489, 11215, 12940, },
	{ 222372,271788,321203,370619, 32701, 39967, 47234, 54501, 32472, 39688, 46904, 54120,  7368,  9005, 10643, 12280, },
	{ 225824,276007,326190,376373, 31280, 38231, 45182, 52133, 31511, 38513, 45516, 52518,  6297,  7697,  9096, 10495, },
	{ 229125,280041,330958,381875, 29907, 36553, 43199, 49846, 29904, 36549, 43194, 49840,  5976,  7304,  8632,  9960, },
	{ 232279,283897,335515,387132, 28583, 34934, 41286, 47638, 28668, 35039, 41409, 47780,  5382,  6578,  7774,  8970, },
	{ 235293,287581,339868,392155, 27305, 33373, 39441, 45509, 27206, 33252, 39297, 45343,  5108,  6243,  7378,  8513, },
	{ 238171,291098,344025,396952, 26075, 31870, 37665, 43459, 26066, 31858, 37650, 43443,  4600,  5622,  6644,  7666, },
	{ 240918,294456,347993,401531, 24892, 30424, 35955, 41487, 24959, 30505, 36052, 41598,  4143,  5063,  5984,  6904, },
	{ 243540,297660,351780,405900, 23754, 29033, 34312, 39591, 23686, 28950, 34213, 39477,  3931,  4805,  5679,  6552, },
	{ 246041,300717,355393,410069, 22662, 27698, 32734, 37770, 22668, 27706, 32743, 37780,  3541,  4327,  5114,  5901, },
	{ 248427,303633,358839,414045, 21613, 26416, 31219, 36022, 21684, 26502, 31321, 36139,  3189,  3897,  4606,  5314, },
	{ 250701,306413,362124,417835, 20607, 25186, 29766, 34345, 20578, 25150, 29723, 34296,  3026,  3698,  4371,  5043, },
	{ 252869,309062,365256,421449, 19643, 24008, 28373, 32738, 19675, 24047, 28419, 32791,  2725,  3331,  3936,  4542, },
	{ 254935,311588,368240,424892, 18719, 22879, 27039, 31199, 18671, 22820, 26970, 31119,  2586,  3161,  3736,  4310, },
	{ 256904,313993,371083,428173, 17835, 21798, 25762, 29725, 17844, 21810, 25775, 29740,  2329,  2847,  3364,  3882, },
	{ 258779,316285,373791,431298, 16989, 20764, 24539, 28315, 17047, 20835, 24623, 28411,  2098,  2564,  3030,  3496, },
	{ 260564,318468,376371,434274, 16179, 19775, 23370, 26966, 16177, 19772, 23367, 26962,  1991,  2433,  2875,  3318, },
	{ 262265,320546,378827,437108, 15406, 18829, 22253, 25676, 15449, 18882, 22315, 25748,  1793,  2191,  2590,  2988, },
	{ 263883,322524,381165,439806, 14666, 17925, 21185, 24444, 14661, 17919, 21177, 24435,  1701,  2079,  2458,  2836, },
	{ 265424,324407,383391,442374, 13960, 17062, 20164, 23267, 13913, 17005, 20097, 23189,  1615,  1973,  2332,  2691, },
	{ 266891,326200,385509,444818, 13286, 16238, 19190, 22143, 13282, 16233, 19185, 22136,  1454,  1777,  2100,  2424, },
	{ 268286,327905,387524,447143, 12642, 15451, 18260, 21070, 12675, 15491, 18308, 21125,  1310,  1601,  1892,  2183, },
	{ 269613,329527,389441,449355, 12028, 14700, 17373, 20046, 12028, 14701, 17374, 20047,  1243,  1519,  1795,  2071, },
	{ 270876,331071,391265,451460, 11442, 13984, 16527, 19069, 11475, 14025, 16575, 19125,  1119,  1368,  1617,  1865, },
	{ 272077,332539,393000,453462, 10883, 13301, 15720, 18138, 10890, 13310, 15730, 18150,  1062,  1298,  1534,  1770, },
	{ 273220,333935,394650,455366, 10350, 12650, 14950, 17250, 10334, 12631, 14928, 17224,  1008,  1232,  1456,  1680, },
	{ 274306,335263,396220,457176,  9842, 12029, 14216, 16404,  9856, 12046, 14237, 16427,   908,  1110,  1311,  1513, },
	{ 275339,336525,397711,458898,  9358, 11438, 13518, 15597,  9354, 11432, 13511, 15589,   862,  1053,  1244,  1436, },
	{ 276321,337725,399130,460534,  8897, 10874, 12852, 14829,  8918, 10900, 12882, 14864,   776,   948,  1121,  1293, },
	{ 277254,338866,400478,462090,  8458, 10338, 12217, 14097,  8463, 10344, 12225, 14106,   736,   900,  1064,  1227, },
	{ 278142,339951,401760,463569,  8040,  9827, 11613, 13400,  8032,  9817, 11601, 13386,   699,   854,  1009,  1165, },
	{ 278985,340982,402978,464975,  7642,  9340, 11038, 12736,  7656,  9357, 11059, 12760,   629,   769,   909,  1049, },
	{ 279787,341961,404136,466311,  7263,  8877, 10491, 12105,  7265,  8880, 10495, 12109,   597,   730,   863,   995, },
	{ 280548,342892,405237,467581,  6902,  8436,  9970, 11503,  6895,  8427,  9959, 11492,   567,   693,   819,   945, },
	{ 281272,343777,406282,468787,  6559,  8016,  9474, 10931,  6571,  8031,  9491, 10951,   510,   624,   737,   851, },
	{ 281960,344618,407276,469933,  6232,  7617,  9002, 10387,  6236,  7621,  9007, 10393,   484,   592,   700,   807, },
	{ 282614,345417,408220,471023,  5921,  7237,  8553,  9869,  5918,  7233,  8548,  9863,   460,   562,   664,   766, },
	{ 283234,346175,409116,472057,  5626,  6876,  8126,  9376,  5638,  6891,  8144,  9397,   414,   506,   598,   690, },
	{ 283537,346545,409554,472562,  5632,  6883,  8134,  9386,  5351,  6540,  7729,  8918,   393,   480,   567,   655, },
	{ 284112,347248,410384,473520,  5350,  6539,  7727,  8916,  5350,  6539,  7727,  8916,   101,   123,   146,   168, },
};

	{   2,  2,  2,  2,  2,  2,  2,  2,  2,  2,  2,  2,  2,  2,  2,  2, },
	{   2,  2,  2,  1,  2,  2,  2,  2,  2,  2,  2,  2,  2,  2,  2,  2, },
	{   2,  2,  1,  1,  2,  2,  2,  2,  2,  2,  2,  2,  3,  2,  2,  2, },
	{   2,  2,  1,  1,  2,  2,  2,  2,  2,  2,  2,  2,  3,  2,  2,  2, },
	{   2,  1,  1,  1,  2,  2,  2,  2,  2,  2,  2,  2,  3,  2,  2,  2, },
	{   2,  1,  1,  1,  2,  2,  2,  2,  2,  2,  2,  2,  3,  3,  2,  2, },
	{   2,  1,  1,  1,  3,  2,  2,  2,  3,  2,  2,  2,  3,  3,  3,  2, },
	{   2,  1,  1,  1,  3,  2,  2,  2,  3,  2,  2,  2,  3,  3,  3,  2, },
	{   1,  1,  1,  1,  3,  2,  2,  2,  3,  2,  2,  2,  3,  3,  3,  3, },
	{   1,  1,  1,  1,  3,  2,  2,  2,  3,  2,  2,  2,  4,  3,  3,  3, },
	{   1,  1,  1,  1,  3,  2,  2,  2,  3,  2,  2,  2,  4,  3,  3,  3, },
	{   1,  1,  1,  1,  3,  2,  2,  2,  3,  2,  2,  2,  4,  4,  3,  3, },
	{   1,  1,  1,  0,  3,  2,  2,  2,  3,  2,  2,  2,  4,  4,  3,  3, },
	{   1,  1,  1,  0,  3,  3,  2,  2,  3,  2,  2,  2,  4,  4,  4,  3, },
	{   1,  1,  1,  0,  3,  3,  2,  2,  3,  3,  2,  2,  4,  4,  4,  3, },
	{   1,  1,  1,  0,  3,  3,  2,  2,  3,  3,  2,  2,  4,  4,  4,  4, },
	{   1,  1,  0,  0,  3,  3,  2,  2,  3,  3,  2,  2,  5,  4,  4,  4, },
	{   1,  1,  0,  0,  3,  3,  2,  2,  3,  3,  3,  2,  5,  4,  4,  4, },
	{   1,  1,  0,  0,  3,  3,  3,  2,  3,  3,  3,  2,  5,  5,  4,  4, },
	{   1,  1,  0,  0,  3,  3,  3,  2,  3,  3,  3,  2,  5,  5,  4,  4, },
	{   1,  1,  0,  0,  3,  3,  3,  2,  3,  3,  3,  2,  5,  5,  5,  4, },
	{   1,  1,  0,  0,  3,  3,  3,  3,  3,  3,  3,  3,  5,  5,  5,  4, },
	{   1,  1,  0,  0,  3,  3,  3,  3,  3,  3,  3,  3,  5,  5,  5,  5, },
	{   1,  0,  0,  0,  3,  3,  3,  3,  3,  3,  3,  3,  5,  5,  5,  5, },
	{   1,  0,  0,  0,  3,  3,  3,  3,  3,  3,  3,  3,  6,  5,  5,  5, },
	{   1,  0,  0,  0,  4,  3,  3,  3,  4,  3,  3,  3,  6,  5,  5,  5, },
	{   1,  0,  0,  0,  4,  3,  3,  3,  4,  3,  3,  3,  6,  6,  5,  5, },
	{   1,  0,  0,  0,  4,  3,  3,  3,  4,  3,  3,  3,  6,  6,  5,  5, },
	{   1,  0,  0,  0,  4,  3,  3,  3,  4,  3,  3,  3,  6,  6,  6,  5, },
	{   1,  0,  0,  0,  4,  3,  3,  3,  4,  3,  3,  3,  6,  6,  6,  5, },
	{   1,  0,  0,  0,  4,  4,  3,  3,  4,  4,  3,  3,  6,  6,  6,  6, },
	{   1,  0,  0,  0,  4,  4,  3,  3,  4,  4,  3,  3,  6,  6,  6,  6, },
	{   1,  0,  0,  0,  4,  4,  3,  3,  4,  4,  3,  3,  7,  6,  6,  6, },
	{   1,  0,  0,  0,  4,  4,  4,  3,  4,  4,  4,  3,  7,  6,  6,  6, },
	{   1,  0,  0,  0,  4,  4,  4,  3,  4,  4,  4,  3,  7,  7,  6,  6, },
	{   1,  0,  0,  0,  4,  4,  4,  3,  4,  4,  4,  3,  7,  7,  6,  6, },
	{   1,  0,  0,  0,  4,  4,  4,  4,  4,  4,  4,  3,  7,  7,  7,  6, },
	{   1,  0,  0,  0,  4,  4,  4,  4,  4,  4,  4,  4,  7,  7,  7,  6, },
	{   1,  0,  0,  0,  4,  4,  4,  4,  4,  4,  4,  4,  7,  7,  7,  7, },
	{   1,  0,  0,  0,  4,  4,  4,  4,  4,  4,  4,  4,  7,  7,  7,  7, },
	{   1,  0,  0,  0,  5,  4,  4,  4,  5,  4,  4,  4,  8,  7,  7,  7, },
	{   0,  0,  0,  0,  5,  4,  4,  4,  5,  4,  4,  4,  8,  7,  7,  7, },
	{   0,  0,  0,  0,  5,  4,  4,  4,  5,  4,  4,  4,  8,  7,  7,  7, },
	{   0,  0,  0,  0,  5,  4,  4,  4,  5,  4,  4,  4,  8,  8,  7,  7, },
	{   0,  0,  0,  0,  5,  5,  4,  4,  5,  5,  4,  4,  8,  8,  7,  7, },
	{   0,  0,  0,  0,  5,  5,  4,  4,  5,  5,  4,  4,  8,  8,  8,  7, },
	{   0,  0,  0,  0,  5,  5,  4,  4,  5,  5,  4,  4,  8,  8,  8,  7, },
	{   0,  0,  0,  0,  5,  5,  4,  4,  5,  5,  4,  4,  8,  8,  8,  8, },
	{   0,  0,  0,  0,  5,  5,  5,  4,  5,  5,  5,  4,  8,  8,  8,  8, },
	{   0,  0,  0,  0,  5,  5,  5,  4,  5,  5,  5,  4,  9,  8,  8,  8, },
	{   0,  0,  0,  0,  5,  5,  5,  4,  5,  5,  5,  4,  9,  8,  8,  8, },
	{   0,  0,  0,  0,  5,  5,  5,  5,  5,  5,  5,  5,  9,  8,  8,  8, },
	{   0,  0,  0,  0,  5,  5,  5,  5,  5,  5,  5,  5,  9,  9,  8,  8, },
	{   0,  0,  0,  0,  5,  5,  5,  5,  5,  5,  5,  5,  9,  9,  8,  8, },
	{   0,  0,  0,  0,  6,  5,  5,  5,  6,  5,  5,  5,  9,  9,  9,  8, },
	{   0,  0,  0,  0,  6,  5,  5,  5,  6,  5,  5,  5,  9,  9,  9,  8, },
	{   0,  0,  0,  0,  6,  5,  5,  5,  6,  5,  5,  5,  9,  9,  9,  9, },
	{   0,  0,  0,  0,  6,  5,  5,  5,  6,  5,  5,  5,  9,  9,  9,  9, },
	{   0,  0,  0,  0,  6,  6,  5,  5,  6,  6,  5,  5, 10,  9,  9,  9, },
	{   0,  0,  0,  0,  6,  6,  5,  5,  6,  6,  5,  5, 10,  9,  9,  9, },
	{   0,  0,  0,  0,  6,  6,  5,  5,  6,  6,  5,  5, 10,  9,  9,  9, },
	{   0,  0,  0,  0,  6,  6,  6,  5,  6,  6,  6,  5, 10, 10,  9,  9, },
	{   0,  0,  0,  0,  6,  6,  6,  5,  6,  6,  6,  5, 10, 10,  9,  9, },
	{   0,  0,  0,  0,  6,  6,  6,  5,  6,  6,  6,  5, 12, 12, 11, 11, },
};
missing_low = {
	{      0,     0,     0,     0, 77488, 94708,111927,129147,147456,180224,212992,245760,221184,270336,319488,368640, },
	{      0,     0,     0,     0, 85190,104122,123053,141984,154976,189416,223855,258294,224944,274932,324920,374907, },
	{      0,     0,     0,     0, 92836,113467,134097,154727,162113,198138,234163,270188,231899,283432,334965,386498, },
	{      0,     0,     0,     0,100396,122706,145016,167326,168886,206416,243946,281476,238163,291087,344012,396937, },
	{      0,     0,     0,     0,107842,131807,155772,179737,175313,214271,253230,292188,241056,294624,348193,401760, },
	{      0,     0,     0,     0,115155,140745,166335,191925,181412,221726,262040,302354,248883,304190,359498,414805, },
	{      0,     0,     0,     0,122316,149498,176679,203861,187201,228801,270401,312002,251231,307060,362888,418718, },
	{      0,     0,     0,     0,129312,158048,186784,215520,192694,235515,278336,321157,255572,312366,369160,425954, },
	{      0,     0,     0,     0,136130,166381,196633,226884,197907,241886,285867,329846,259483,317145,374809,432472, },
	{      0,     0,     0,     0,142763,174488,206213,237938,202855,247934,293013,338091,263005,321451,379896,438341, },
	{      0,     0,     0,     0,149202,182358,215515,248671,207549,253671,299794,345916,266176,325326,384477,443627, },
	{      0,     0,     0,     0,155445,189988,224532,259075,212005,259117,306230,353342,269032,328817,388603,448388, },
	{      0,     0,     0,     0,161487,197373,233259,269145,216233,264285,312337,360389,270352,330430,390509,450587, },
	{      0,     0,     0,     0,167328,204512,241696,278880,220246,269190,318133,367077,273922,334794,395664,456536, },
	{      0,     0,     0,     0,172966,211403,249840,288277,224054,273843,323633,373423,274992,336101,397210,458320, },
	{      0,     0,     0,     0,178404,218049,257694,297339,227668,278261,328853,379446,276972,338522,400070,461620, },
	{      0,     0,     0,     0,183641,224450,265260,306069,231097,282452,333807,385162,278755,340701,402647,464592, },
	{      0,     0,     0,     0,188682,230611,272540,314470,234352,286430,338508,390586,279580,341708,403837,465965, },
	{      0,     0,     0,     0,193528,236535,279541,322547,237440,290205,342969,395734,281807,344432,407055,469680, },
	{      0,     0,     0,     0,198184,242225,286266,330307,240371,293787,347203,400618,282476,345248,408021,470792, },
	{      0,     0,     0,     0,202654,247689,292723,337757,243153,297187,351221,405255,283712,346759,409806,472854, },
	{      0,     0,     0,     0,206942,252929,298917,344904,245792,300413,355034,409655,284283,347457,410632,473806, },
	{      0,     0,     0,     0,211053,257954,304854,351755,248298,303475,358652,413830,285828,349345,412862,476380, },
	{      0,     0,     0,     0,214991,262767,310543,358319,250675,306380,362086,417792,286291,349911,413532,477152, },
	{      0,     0,     0,     0,218762,267376,315990,364604,252931,309138,365345,421552,287148,350959,414770,478580, },
	{      0,     0,     0,     0,222372,271788,321203,370619,255073,311755,368437,425120,287545,351443,415341,479240, },
	{      0,     0,     0,     0,225824,276007,326190,376373,257104,314238,371372,428506,288615,352751,416888,481024, },
	{      0,     0,     0,     0,229125,280041,330958,381875,259032,316594,374157,431721,288936,353143,417351,481561, },
	{      0,     0,     0,     0,232279,283897,335515,387132,260862,318831,376801,434770,289530,353870,418210,482550, },
	{      0,     0,     0,     0,235293,287581,339868,392155,262598,320954,379309,437664,289804,354206,418606,483007, },
	{      0,     0,     0,     0,238171,291098,344025,396952,264246,322968,381690,440411,290312,354826,419340,483854, },
	{      0,     0,     0,     0,240918,294456,347993,401531,265810,324880,383948,443018,290769,355385,420000,484616, },
	{      0,     0,     0,     0,243540,297660,351780,405900,267294,326693,386092,445491,290980,355643,420305,484968, },
	{      0,     0,     0,     0,246041,300717,355393,410069,268703,328415,388127,447839,291371,356121,420870,485619, },
	{      0,     0,     0,     0,248427,303633,358839,414045,270040,330049,390058,450067,291724,356551,421379,486206, },
	{      0,     0,     0,     0,250701,306413,362124,417835,271308,331599,391890,452180,291886,356749,421613,486476, },
	{      0,     0,     0,     0,252869,309062,365256,421449,272512,333070,393629,454187,292187,357117,422048,486978, },
	{      0,     0,     0,     0,254935,311588,368240,424892,273654,334467,395279,456091,292325,357287,422249,487210, },
	{      0,     0,     0,     0,256904,313993,371083,428173,274739,335791,396845,457898,292583,357601,422620,487638, },
	{      0,     0,     0,     0,258779,316285,373791,431298,275768,337049,398330,459613,292815,357884,422953,488024, },
	{      0,     0,     0,     0,260564,318468,376371,434274,276743,338243,399741,461240,292920,358015,423108,488202, },
	{      0,     0,     0,     0,262265,320546,378827,437108,277671,339375,401080,462784,293120,358257,423395,488532, },
	{      0,     0,     0,     0,263883,322524,381165,439806,278549,340449,402350,464250,293210,358368,423527,488685, },
	{      0,     0,     0,     0,265424,324407,383391,442374,279384,341469,403555,465641,293297,358474,423652,488830, },
	{      0,     0,     0,     0,266891,326200,385509,444818,280177,342438,404699,466961,293459,358671,423884,489097, },
	{      0,     0,     0,     0,268286,327905,387524,447143,280928,343356,405784,468213,293603,358847,424092,489338, },
	{      0,     0,     0,     0,269613,329527,389441,449355,281641,344227,406814,469401,293669,358928,424188,489448, },
	{      0,     0,     0,     0,270876,331071,391265,451460,282318,345055,407792,470529,293793,359080,424367,489654, },
	{      0,     0,     0,     0,272077,332539,393000,453462,282960,345840,408720,471600,293850,359150,424450,489750, },
	{      0,     0,     0,     0,273220,333935,394650,455366,283570,346585,409600,472616,293904,359216,424528,489840, },
	{      0,     0,     0,     0,274306,335263,396220,457176,284148,347292,410436,473580,294004,359338,424673,490007, },
	{      0,     0,     0,     0,275339,336525,397711,458898,284697,347963,411229,474495,294051,359395,424740,490084, },
	{      0,     0,     0,     0,276321,337725,399130,460534,285218,348599,411982,475363,294136,359499,424864,490227, },
	{      0,     0,     0,     0,277254,338866,400478,462090,285712,349204,412695,476187,294175,359548,424920,490293, },
	{      0,     0,     0,     0,278142,339951,401760,463569,286182,349778,413373,476969,294214,359595,424974,490355, },
	{      0,     0,     0,     0,278985,340982,402978,464975,286627,350322,414016,477711,294283,359679,425075,490471, },
	{      0,     0,     0,     0,279787,341961,404136,466311,287050,350838,414627,478416,294315,359718,425122,490525, },
	{      0,     0,     0,     0,280548,342892,405237,467581,287450,351328,415207,479084,294345,359755,425166,490576, },
	{      0,     0,     0,     0,281272,343777,406282,468787,287831,351793,415756,479718,294402,359824,425247,490669, },
	{      0,     0,     0,     0,281960,344618,407276,469933,288192,352235,416278,480320,294428,359856,425285,490713, },
	{      0,     0,     0,     0,282614,345417,408220,471023,288535,352654,416773,480892,294453,359887,425321,490755, },
	{      0,     0,     0,     0,283234,346175,409116,472057,288860,353051,417242,481433,294498,359942,425386,490830, },
	{      0,     0,     0,     0,283537,346545,409554,472562,289169,353428,417688,481948,294520,359968,425417,490866, },
	{      0,     0,     0,     0,284112,347248,410384,473520,289462,353787,418111,482436,294812,360326,425838,491352, },
};
